,Date,Image,ID,Notes
1,9th,IMG00000.JPG,s2_stag_1,NA
2,9th,IMG00001.JPG,s2_stag_1,NA
3,9th,IMG00002.JPG,s2_stag_1,NA
4,9th,IMG00003.JPG,s2_stag_1,NA
5,9th,IMG00004.JPG,s2_stag_1,NA
6,9th,IMG00005.JPG,s7_prus_1b,NA
7,9th,IMG00006.JPG,s7_prus_1b,NA
8,9th,IMG00007.JPG,s7_prus_1b,NA
9,9th,IMG00008.JPG,s7_prus_1b,NA
10,9th,IMG00009.JPG,s7_prus_1b,NA
11,9th,IMG00010.JPG,s7_prus_1b,NA
12,9th,IMG00011.JPG,s4a_pcyl_3,NA
13,9th,IMG00012.JPG,s4a_pcyl_3,NA
14,9th,IMG00013.JPG,s4a_pcyl_3,NA
15,9th,IMG00014.JPG,s4a_pcyl_3,NA
16,9th,IMG00015.JPG,s4a_pcyl_3,NA
17,9th,IMG00016.JPG,s4a_pcyl_3,NA
18,9th,IMG00017.JPG,s4a_brug_2,NA
19,9th,IMG00018.JPG,s4a_brug_2,NA
20,9th,IMG00019.JPG,s4a_brug_2,NA
21,9th,IMG00020.JPG,s4a_brug_2,NA
22,9th,IMG00021.JPG,s4a_brug_2,NA
23,9th,IMG00022.JPG,s4a_brug_2,NA
24,9th,IMG00023.JPG,s4a_pdam_3,NA
25,9th,IMG00024.JPG,s4a_pdam_3,NA
26,9th,IMG00025.JPG,s4a_pdam_3,NA
27,9th,IMG00026.JPG,s4a_pdam_3,NA
28,9th,IMG00027.JPG,s4a_pdam_3,NA
29,9th,IMG00028.JPG,s4a_pdam_3,NA
30,9th,IMG00029.JPG,s4b_goni_1,NA
31,9th,IMG00030.JPG,s4b_goni_1,NA
32,9th,IMG00031.JPG,s4b_goni_1,NA
33,9th,IMG00032.JPG,s4b_goni_1,NA
34,9th,IMG00033.JPG,s4b_goni_1,NA
35,9th,IMG00034.JPG,s4b_goni_1,NA
36,9th,IMG00035.JPG,s4a_goni_1,NA
37,9th,IMG00036.JPG,s4a_goni_1,NA
38,9th,IMG00037.JPG,s4a_goni_1,NA
39,9th,IMG00038.JPG,s4a_goni_1,NA
40,9th,IMG00039.JPG,s4a_goni_1,NA
41,9th,IMG00040.JPG,s4a_goni_1,NA
42,9th,IMG00041.JPG,s4a_anac_1,NA
43,9th,IMG00042.JPG,s4a_anac_1,NA
44,9th,IMG00043.JPG,s4a_anac_1,NA
45,9th,IMG00044.JPG,s4a_anac_1,NA
46,9th,IMG00045.JPG,s4a_anac_1,NA
47,9th,IMG00046.JPG,s4a_anac_1,NA
48,9th,IMG00047.JPG,s4a_card_3,NA
49,9th,IMG00048.JPG,s4a_card_3,NA
50,9th,IMG00049.JPG,s4a_card_3,NA
51,9th,IMG00050.JPG,s4a_card_3,NA
52,9th,IMG00051.JPG,s4a_card_3,NA
53,9th,IMG00052.JPG,s4a_card_3,NA
54,9th,IMG00053.JPG,s4b_card_1,NA
55,9th,IMG00054.JPG,s4b_card_1,NA
56,9th,IMG00055.JPG,s4b_card_1,NA
57,9th,IMG00056.JPG,s4b_card_1,NA
58,9th,IMG00057.JPG,s4b_card_1,NA
59,9th,IMG00058.JPG,s4b_card_1,NA
60,9th,IMG00059.JPG,s4b_lobo_1,NA
61,9th,IMG00060.JPG,s4b_lobo_1,NA
62,9th,IMG00061.JPG,s4b_lobo_1,NA
63,9th,IMG00062.JPG,s4b_lobo_1,NA
64,9th,IMG00063.JPG,s4b_lobo_1,NA
65,9th,IMG00064.JPG,s4b_lobo_1,NA
66,9th,IMG00065.JPG,s4b_pcyl_2,NA
67,9th,IMG00066.JPG,s4b_pcyl_2,NA
68,9th,IMG00067.JPG,s4b_pcyl_2,NA
69,9th,IMG00068.JPG,s4b_pcyl_2,NA
70,9th,IMG00069.JPG,s4b_pcyl_2,NA
71,9th,IMG00070.JPG,s4b_pcyl_2,NA
72,9th,IMG00071.JPG,s4b_pcyl_2,NA
73,9th,IMG00072.JPG,s4b_pcyl_2,NA
74,9th,IMG00073.JPG,s4b_lobo_2,NA
75,9th,IMG00074.JPG,s4b_lobo_2,NA
76,9th,IMG00075.JPG,s4b_lobo_2,NA
77,9th,IMG00076.JPG,s4b_lobo_2,NA
78,9th,IMG00077.JPG,s4b_lobo_2,NA
79,9th,IMG00078.JPG,s4b_lobo_2,NA
80,9th,IMG00079.JPG,s5_prus_4,NA
81,9th,IMG00080.JPG,s5_prus_4,NA
82,9th,IMG00081.JPG,s5_prus_4,NA
83,9th,IMG00082.JPG,s5_prus_4,NA
84,9th,IMG00083.JPG,s5_prus_4,NA
85,9th,IMG00084.JPG,s5_prus_4,NA
86,10th,IMG00085.JPG,s4b_goni_2,NA
87,10th,IMG00086.JPG,s4b_goni_2,NA
88,10th,IMG00087.JPG,s4b_goni_2,NA
89,10th,IMG00088.JPG,s4b_goni_2,NA
90,10th,IMG00089.JPG,s4b_goni_2,NA
91,10th,IMG00090.JPG,s4b_goni_2,NA
92,10th,IMG00091.JPG,s4b_pcyl_3,NA
93,10th,IMG00092.JPG,s4b_pcyl_3,NA
94,10th,IMG00093.JPG,s4b_pcyl_3,NA
95,10th,IMG00094.JPG,s4b_pcyl_3,NA
96,10th,IMG00095.JPG,s4b_pcyl_3,NA
97,10th,IMG00096.JPG,s4b_pcyl_3,NA
98,10th,IMG00097.JPG,s4b_pcyl_1,NA
99,10th,IMG00098.JPG,s4b_pcyl_1,NA
100,10th,IMG00099.JPG,s4b_pcyl_1,NA
101,10th,IMG00100.JPG,s4b_pcyl_1,NA
102,10th,IMG00101.JPG,s4b_pcyl_1,NA
103,10th,IMG00102.JPG,s4b_pcyl_1,NA
104,10th,IMG00103.JPG,s4a_pcyl_2,NA
105,10th,IMG00104.JPG,s4a_pcyl_2,NA
106,10th,IMG00105.JPG,s4a_pcyl_2,NA
107,10th,IMG00106.JPG,s4a_pcyl_2,NA
108,10th,IMG00107.JPG,s4a_pcyl_2,NA
109,10th,IMG00108.JPG,s4a_pcyl_2,NA
110,10th,IMG00109.JPG,s4b_pcyl_4,NA
111,10th,IMG00110.JPG,s4b_pcyl_4,NA
112,10th,IMG00114.JPG,s4b_pcyl_4,NA
113,10th,IMG00115.JPG,s4b_pcyl_4,NA
114,10th,IMG00116.JPG,s4b_pcyl_4,NA
115,10th,IMG00117.JPG,s4b_pcyl_4,NA
116,10th,IMG00118.JPG,s4a_pcyl_1,NA
117,10th,IMG00119.JPG,s4a_pcyl_1,NA
118,10th,IMG00120.JPG,s4a_pcyl_1,NA
119,10th,IMG00121.JPG,s4a_pcyl_1,NA
120,10th,IMG00122.JPG,s4a_pcyl_1,NA
121,10th,IMG00123.JPG,s4a_pcyl_1,NA
122,10th,IMG00124.JPG,s4a_brug_1,NA
123,10th,IMG00125.JPG,s4a_brug_1,NA
124,10th,IMG00126.JPG,s4a_brug_1,NA
125,10th,IMG00127.JPG,s4a_brug_1,NA
126,10th,IMG00128.JPG,s4a_brug_1,NA
127,10th,IMG00129.JPG,s4a_brug_1,NA
128,10th,IMG00130.JPG,s4a_card_2,NA
129,10th,IMG00131.JPG,s4a_card_2,NA
130,10th,IMG00132.JPG,s4a_card_2,NA
131,10th,IMG00133.JPG,s4a_card_2,NA
132,10th,IMG00134.JPG,s4a_card_2,NA
133,10th,IMG00135.JPG,s4a_card_2,NA
134,10th,IMG00136.JPG,s4a_pdam_1,NA
135,10th,IMG00137.JPG,s4a_pdam_1,NA
136,10th,IMG00138.JPG,s4a_pdam_1,NA
137,10th,IMG00139.JPG,s4a_pdam_1,NA
138,10th,IMG00140.JPG,s4a_pdam_1,NA
139,10th,IMG00141.JPG,s4a_pdam_1,NA
140,10th,IMG00142.JPG,s4a_pdam_1,NA
141,10th,IMG00148.JPG,s4a_brug_3,NA
142,10th,IMG00149.JPG,s4a_brug_3,NA
143,10th,IMG00150.JPG,s4a_brug_3,NA
144,10th,IMG00151.JPG,s4a_brug_3,NA
145,10th,IMG00152.JPG,s4a_brug_3,NA
146,10th,IMG00153.JPG,s4a_brug_3,NA
147,10th,IMG00154.JPG,s4a_pdam_2,NA
148,10th,IMG00155.JPG,s4a_pdam_2,NA
149,10th,IMG00156.JPG,s4a_pdam_2,NA
150,10th,IMG00157.JPG,s4a_pdam_2,NA
151,10th,IMG00158.JPG,s4a_pdam_2,NA
152,10th,IMG00159.JPG,s4a_pdam_2,NA
153,10th,IMG00160.JPG,s4a_pdam_2,NA
154,10th,IMG00161.JPG,s4a_pdam_2,NA
155,10th,IMG00162.JPG,s4a_card_1,NA
156,10th,IMG00163.JPG,s4a_card_1,NA
157,10th,IMG00164.JPG,s4a_card_1,NA
158,10th,IMG00165.JPG,s4a_card_1,NA
159,10th,IMG00166.JPG,s4a_card_1,NA
160,10th,IMG00167.JPG,s4a_card_1,NA
161,10th,IMG00168.JPG,s3_brug_3,NA
162,10th,IMG00169.JPG,s3_brug_3,NA
163,10th,IMG00170.JPG,s3_brug_3,NA
164,10th,IMG00171.JPG,s3_brug_3,NA
165,10th,IMG00172.JPG,s3_brug_3,NA
166,10th,IMG00173.JPG,s3_brug_3,NA
167,10th,IMG00174.JPG,s4b_card_2,NA
168,10th,IMG00175.JPG,s4b_card_2,NA
169,10th,IMG00176.JPG,s4b_card_2,NA
170,10th,IMG00177.JPG,s4b_card_2,NA
171,10th,IMG00178.JPG,s4b_card_2,NA
172,10th,IMG00179.JPG,s4b_card_2,NA
173,10th,IMG00180.JPG,s4a_anac_2,NA
174,10th,IMG00181.JPG,s4a_anac_2,NA
175,10th,IMG00182.JPG,s4a_anac_2,NA
176,10th,IMG00183.JPG,s4a_anac_2,NA
177,10th,IMG00184.JPG,s4a_anac_2,NA
178,10th,IMG00185.JPG,s4a_anac_2,NA
179,10th,IMG00199.JPG,s3_ten_3,NA
180,10th,IMG00200.JPG,s3_ten_3,NA
181,10th,IMG00201.JPG,s3_ten_3,NA
182,10th,IMG00202.JPG,s3_ten_3,NA
183,10th,IMG00203.JPG,s3_ten_3,NA
184,10th,IMG00204.JPG,s3_ten_3,NA
185,10th,IMG00205.JPG,s3_ten_3,NA
186,10th,IMG00206.JPG,s3_ten_2,NA
187,10th,IMG00207.JPG,s3_ten_2,NA
188,10th,IMG00208.JPG,s3_ten_2,NA
189,10th,IMG00209.JPG,s3_ten_2,NA
190,10th,IMG00210.JPG,s3_ten_2,NA
191,10th,IMG00211.JPG,s3_ten_2,NA
192,10th,IMG00212.JPG,s3_pcyl_1,NA
193,10th,IMG00213.JPG,s3_pcyl_1,NA
194,10th,IMG00214.JPG,s3_pcyl_1,NA
195,10th,IMG00215.JPG,s3_pcyl_1,NA
196,10th,IMG00216.JPG,s3_pcyl_1,NA
197,10th,IMG00217.JPG,s3_pcyl_1,NA
198,10th,IMG00218.JPG,s3_card_4,NA
199,10th,IMG00219.JPG,s3_card_4,NA
200,10th,IMG00220.JPG,s3_card_4,NA
201,10th,IMG00221.JPG,s3_card_4,NA
202,10th,IMG00222.JPG,s3_card_4,NA
203,10th,IMG00223.JPG,s3_card_4,NA
204,10th,IMG00224.JPG,s3_stag_3,NA
205,10th,IMG00225.JPG,s3_stag_3,NA
206,10th,IMG00226.JPG,s3_stag_3,NA
207,10th,IMG00227.JPG,s3_stag_3,NA
208,10th,IMG00228.JPG,s3_stag_3,NA
209,10th,IMG00229.JPG,s3_stag_3,NA
210,10th,IMG00230.JPG,s3_hya_2,NA
211,10th,IMG00231.JPG,s3_hya_2,NA
212,10th,IMG00232.JPG,s3_hya_2,NA
213,10th,IMG00233.JPG,s3_hya_2,NA
214,10th,IMG00234.JPG,s3_hya_2,NA
215,10th,IMG00235.JPG,s3_hya_2,NA
216,10th,IMG00236.JPG,s2_pdam_2,NA
217,10th,IMG00237.JPG,s2_pdam_2,NA
218,10th,IMG00238.JPG,s2_pdam_2,NA
219,10th,IMG00239.JPG,s2_pdam_2,NA
220,10th,IMG00240.JPG,s2_pdam_2,NA
221,10th,IMG00241.JPG,s2_pdam_2,NA
222,11th,IMG00317.JPG,s3_brug_2,NA
223,11th,IMG00318.JPG,s3_brug_2,NA
224,11th,IMG00319.JPG,s3_brug_2,NA
225,11th,IMG00320.JPG,s3_brug_2,NA
226,11th,IMG00321.JPG,s3_brug_2,NA
227,11th,IMG00322.JPG,s3_brug_2,NA
228,11th,IMG00323.JPG,s3_card_1,NA
229,11th,IMG00324.JPG,s3_card_1,NA
230,11th,IMG00325.JPG,s3_card_1,NA
231,11th,IMG00326.JPG,s3_card_1,NA
232,11th,IMG00327.JPG,s3_card_1,NA
233,11th,IMG00328.JPG,s3_card_1,NA
234,11th,IMG00329.JPG,s3_hya_1,NA
235,11th,IMG00330.JPG,s3_hya_1,NA
236,11th,IMG00331.JPG,s3_hya_1,NA
237,11th,IMG00332.JPG,s3_hya_1,NA
238,11th,IMG00333.JPG,s3_hya_1,NA
239,11th,IMG00334.JPG,s3_hya_1,NA
240,11th,IMG00339.JPG,s2_pcyl_3,NA
241,11th,IMG00340.JPG,s2_pcyl_3,NA
242,11th,IMG00341.JPG,s2_pcyl_3,NA
243,11th,IMG00342.JPG,s2_pcyl_3,NA
244,11th,IMG00343.JPG,s2_pcyl_3,NA
245,11th,IMG00344.JPG,s2_pcyl_3,NA
246,11th,IMG00345.JPG,s4a_pdam_4,NA
247,11th,IMG00346.JPG,s4a_pdam_4,NA
248,11th,IMG00347.JPG,s4a_pdam_4,NA
249,11th,IMG00348.JPG,s4a_pdam_4,NA
250,11th,IMG00349.JPG,s4a_pdam_4,NA
251,11th,IMG00350.JPG,s4a_pdam_4,NA
252,11th,IMG00351.JPG,s3_pcyl_2,NA
253,11th,IMG00352.JPG,s3_pcyl_2,NA
254,11th,IMG00353.JPG,s3_pcyl_2,NA
255,11th,IMG00354.JPG,s3_pcyl_2,NA
256,11th,IMG00355.JPG,s3_pcyl_2,NA
257,11th,IMG00356.JPG,s3_pcyl_2,NA
258,11th,IMG00357.JPG,s3_brug_1,NA
259,11th,IMG00358.JPG,s3_brug_1,NA
260,11th,IMG00360.JPG,s3_brug_1,NA
261,11th,IMG00361.JPG,s3_brug_1,NA
262,11th,IMG00362.JPG,s3_brug_1,NA
263,11th,IMG00363.JPG,s3_brug_1,NA
264,11th,IMG00364.JPG,s3_ten_1,NA
265,11th,IMG00365.JPG,s3_ten_1,NA
266,11th,IMG00366.JPG,s3_ten_1,NA
267,11th,IMG00367.JPG,s3_ten_1,NA
268,11th,IMG00368.JPG,s3_ten_1,NA
269,11th,IMG00369.JPG,s3_ten_1,NA
270,11th,IMG00370.JPG,s3_card_3,NA
271,11th,IMG00371.JPG,s3_card_3,NA
272,11th,IMG00372.JPG,s3_card_3,NA
273,11th,IMG00373.JPG,s3_card_3,NA
274,11th,IMG00374.JPG,s3_card_3,NA
275,11th,IMG00375.JPG,s3_card_3,NA
276,11th,IMG00376.JPG,s3_pcyl_3,NA
277,11th,IMG00377.JPG,s3_pcyl_3,NA
278,11th,IMG00378.JPG,s3_pcyl_3,NA
279,11th,IMG00379.JPG,s3_pcyl_3,NA
280,11th,IMG00380.JPG,s3_pcyl_3,NA
281,11th,IMG00381.JPG,s3_pcyl_3,NA
282,11th,IMG00382.JPG,s3_hya_3,NA
283,11th,IMG00383.JPG,s3_hya_3,NA
284,11th,IMG00384.JPG,s3_hya_3,NA
285,11th,IMG00385.JPG,s3_hya_3,NA
286,11th,IMG00386.JPG,s3_hya_3,NA
287,11th,IMG00387.JPG,s3_hya_3,NA
288,11th,IMG00388.JPG,s3_hya_3,NA
289,11th,IMG00389.JPG,s3_brug_4,NA
290,11th,IMG00390.JPG,s3_brug_4,NA
291,11th,IMG00391.JPG,s3_brug_4,NA
292,11th,IMG00392.JPG,s3_brug_4,NA
293,11th,IMG00393.JPG,s3_brug_4,NA
294,11th,IMG00394.JPG,s3_brug_4,NA
295,11th,IMG00395.JPG,s3_card_2,NA
296,11th,IMG00396.JPG,s3_card_2,NA
297,11th,IMG00397.JPG,s3_card_2,NA
298,11th,IMG00398.JPG,s3_card_2,NA
299,11th,IMG00399.JPG,s3_card_2,NA
300,11th,IMG00400.JPG,s3_card_2,NA
301,11th,IMG00401.JPG,s3_pcyl_4,NA
302,11th,IMG00402.JPG,s3_pcyl_4,NA
303,11th,IMG00403.JPG,s3_pcyl_4,NA
304,11th,IMG00404.JPG,s3_pcyl_4,NA
305,11th,IMG00405.JPG,s3_pcyl_4,NA
306,11th,IMG00406.JPG,s3_pcyl_4,NA
307,11th,IMG00407.JPG,s2_hya_4,NA
308,11th,IMG00408.JPG,s2_hya_4,NA
309,11th,IMG00409.JPG,s2_hya_4,NA
310,11th,IMG00410.JPG,s2_hya_4,NA
311,11th,IMG00411.JPG,s2_hya_4,NA
312,11th,IMG00412.JPG,s2_hya_4,NA
313,11th,IMG00426.JPG,s3_ten_4,NA
314,11th,IMG00427.JPG,s3_ten_4,NA
315,11th,IMG00428.JPG,s3_ten_4,NA
316,11th,IMG00429.JPG,s3_ten_4,NA
317,11th,IMG00430.JPG,s3_ten_4,NA
318,11th,IMG00431.JPG,s3_ten_4,NA
319,11th,IMG00432.JPG,s3_pdam_2,NA
320,11th,IMG00433.JPG,s3_pdam_2,NA
321,11th,IMG00434.JPG,s3_pdam_2,NA
322,11th,IMG00435.JPG,s3_pdam_2,NA
323,11th,IMG00436.JPG,s3_pdam_2,NA
324,11th,IMG00437.JPG,s3_pdam_2,NA
325,11th,IMG00438.JPG,s3_pdam_1,NA
326,11th,IMG00439.JPG,s3_pdam_1,NA
327,11th,IMG00440.JPG,s3_pdam_1,NA
328,11th,IMG00441.JPG,s3_pdam_1,NA
329,11th,IMG00442.JPG,s3_pdam_1,NA
330,11th,IMG00443.JPG,s3_pdam_1,NA
331,11th,IMG00444.JPG,s3_pdam_3,NA
332,11th,IMG00445.JPG,s3_pdam_3,NA
333,11th,IMG00446.JPG,s3_pdam_3,NA
334,11th,IMG00447.JPG,s3_pdam_3,NA
335,11th,IMG00448.JPG,s3_pdam_3,NA
336,11th,IMG00449.JPG,s3_pdam_3,NA
337,11th,IMG00450.JPG,s2_prus_3,NA
338,11th,IMG00451.JPG,s2_prus_3,NA
339,11th,IMG00452.JPG,s2_prus_3,NA
340,11th,IMG00453.JPG,s2_prus_3,NA
341,11th,IMG00454.JPG,s2_prus_3,NA
342,11th,IMG00455.JPG,s2_prus_3,NA
343,11th,IMG00456.JPG,s2_ten_2,NA
344,11th,IMG00457.JPG,s2_ten_2,NA
345,11th,IMG00458.JPG,s2_ten_2,NA
346,11th,IMG00459.JPG,s2_ten_2,NA
347,11th,IMG00460.JPG,s2_ten_2,NA
348,11th,IMG00461.JPG,s2_ten_2,NA
349,11th,IMG00480.JPG,s2_prus_2,NA
350,11th,IMG00481.JPG,s2_prus_2,NA
351,11th,IMG00482.JPG,s2_prus_2,NA
352,11th,IMG00483.JPG,s2_prus_2,NA
353,11th,IMG00484.JPG,s2_prus_2,NA
354,11th,IMG00485.JPG,s2_prus_2,NA
355,11th,IMG00486.JPG,s2_prus_2,NA
356,11th,IMG00487.JPG,s2_brug_3,NA
357,11th,IMG00488.JPG,s2_brug_3,NA
358,11th,IMG00489.JPG,s2_brug_3,NA
359,11th,IMG00490.JPG,s2_brug_3,NA
360,11th,IMG00491.JPG,s2_brug_3,NA
361,11th,IMG00492.JPG,s2_brug_3,NA
362,11th,IMG00493.JPG,s2_stag_2,NA
363,11th,IMG00494.JPG,s2_stag_2,NA
364,11th,IMG00495.JPG,s2_stag_2,NA
365,11th,IMG00496.JPG,s2_stag_2,NA
366,11th,IMG00497.JPG,s2_stag_2,NA
367,11th,IMG00498.JPG,s2_stag_2,NA
368,11th,IMG00499.JPG,s3_stag_1,NA
369,11th,IMG00500.JPG,s3_stag_1,NA
370,11th,IMG00501.JPG,s3_stag_1,NA
371,11th,IMG00502.JPG,s3_stag_1,NA
372,11th,IMG00503.JPG,s3_stag_1,NA
373,11th,IMG00504.JPG,s3_stag_1,NA
374,11th,IMG00505.JPG,s3_stag_2,NA
375,11th,IMG00506.JPG,s3_stag_2,NA
376,11th,IMG00507.JPG,s3_stag_2,NA
377,11th,IMG00508.JPG,s3_stag_2,NA
378,11th,IMG00509.JPG,s3_stag_2,NA
379,11th,IMG00510.JPG,s3_stag_2,NA
380,11th,IMG00511.JPG,s2_pdam_1,NA
381,11th,IMG00512.JPG,s2_pdam_1,NA
382,11th,IMG00513.JPG,s2_pdam_1,NA
383,11th,IMG00514.JPG,s2_pdam_1,NA
384,11th,IMG00515.JPG,s2_pdam_1,NA
385,11th,IMG00516.JPG,s2_pdam_1,NA
386,11th,IMG00517.JPG,s2_stag_3,NA
387,11th,IMG00518.JPG,s2_stag_3,NA
388,11th,IMG00519.JPG,s2_stag_3,NA
389,11th,IMG00520.JPG,s2_stag_3,NA
390,11th,IMG00521.JPG,s2_stag_3,NA
391,11th,IMG00522.JPG,s2_stag_3,NA
392,11th,IMG00536.JPG,s2_pdam_3,NA
393,11th,IMG00537.JPG,s2_pdam_3,NA
394,11th,IMG00538.JPG,s2_pdam_3,NA
395,11th,IMG00539.JPG,s2_pdam_3,NA
396,11th,IMG00540.JPG,s2_pdam_3,NA
397,11th,IMG00541.JPG,s2_pdam_3,NA
398,11th,IMG00542.JPG,NA_void?,NA
399,11th,IMG00543.JPG,s2_pver_1,NA
400,11th,IMG00544.JPG,s2_pver_1,NA
401,11th,IMG00545.JPG,s2_pver_1,NA
402,11th,IMG00546.JPG,s2_pver_1,NA
403,11th,IMG00547.JPG,s2_pver_1,NA
404,11th,IMG00548.JPG,s2_pver_1,NA
405,11th,IMG00549.JPG,s2_brug_1,NA
406,11th,IMG00550.JPG,s2_brug_1,NA
407,11th,IMG00551.JPG,s2_brug_1,NA
408,11th,IMG00552.JPG,s2_brug_1,NA
409,11th,IMG00553.JPG,s2_brug_1,NA
410,11th,IMG00554.JPG,s2_brug_1,NA
411,11th,IMG00555.JPG,s2_brug_1,NA
412,11th,IMG00556.JPG,s2_brug_1,NA
413,11th,IMG00557.JPG,s2_hya_1,NA
414,11th,IMG00558.JPG,s2_hya_1,NA
415,11th,IMG00559.JPG,s2_hya_1,NA
416,11th,IMG00560.JPG,s2_hya_1,NA
417,11th,IMG00561.JPG,s2_hya_1,NA
418,11th,IMG00562.JPG,s2_hya_1,NA
419,11th,IMG00563.JPG,s2_hya_2,NA
420,11th,IMG00564.JPG,s2_hya_2,NA
421,11th,IMG00565.JPG,s2_hya_2,NA
422,11th,IMG00566.JPG,s2_hya_2,NA
423,11th,IMG00567.JPG,s2_hya_2,NA
424,11th,IMG00568.JPG,s2_hya_2,NA
425,11th,IMG00569.JPG,NA_void?,NA
426,11th,IMG00570.JPG,NA_void?,NA
427,11th,IMG00571.JPG,s7_prus_1,NA
428,11th,IMG00572.JPG,s7_prus_1,NA
429,11th,IMG00573.JPG,s7_prus_1,NA
430,11th,IMG00574.JPG,s7_prus_1,NA
431,11th,IMG00575.JPG,s7_prus_1,NA
432,11th,IMG00576.JPG,s7_prus_1,NA
433,11th,IMG00588.JPG,s2_prus_1,NA
434,11th,IMG00589.JPG,s2_prus_1,NA
435,11th,IMG00590.JPG,s2_prus_1,NA
436,11th,IMG00591.JPG,s2_prus_1,NA
437,11th,IMG00592.JPG,s2_prus_1,NA
438,11th,IMG00593.JPG,s2_prus_1,NA
439,11th,IMG00594.JPG,s2_prus_1,NA
440,11th,IMG00595.JPG,s2_prus_1,NA
441,11th,IMG00596.JPG,s2_ten_1,NA
442,11th,IMG00597.JPG,s2_ten_1,NA
443,11th,IMG00598.JPG,s2_ten_1,NA
444,11th,IMG00599.JPG,s2_ten_1,NA
445,11th,IMG00600.JPG,s2_ten_1,NA
446,11th,IMG00601.JPG,s2_ten_1,NA
447,11th,IMG00602.JPG,s2_stag_4,NA
448,11th,IMG00603.JPG,s2_stag_4,NA
449,11th,IMG00604.JPG,s2_stag_4,NA
450,11th,IMG00605.JPG,s2_stag_4,NA
451,11th,IMG00606.JPG,s2_stag_4,NA
452,11th,IMG00607.JPG,s2_stag_4,NA
453,11th,IMG00608.JPG,s2_card_1,NA
454,11th,IMG00609.JPG,s2_card_1,NA
455,11th,IMG00610.JPG,s2_card_1,NA
456,11th,IMG00611.JPG,s2_card_1,NA
457,11th,IMG00612.JPG,s2_card_1,NA
458,11th,IMG00613.JPG,s2_card_1,NA
459,11th,IMG00614.JPG,s2_brug_2,NA
460,11th,IMG00615.JPG,s2_brug_2,NA
461,11th,IMG00616.JPG,s2_brug_2,NA
462,11th,IMG00617.JPG,s2_brug_2,NA
463,11th,IMG00618.JPG,s2_brug_2,NA
464,11th,IMG00619.JPG,s2_brug_2,NA
465,11th,IMG00620.JPG,s2_pver_2,NA
466,11th,IMG00621.JPG,s2_pver_2,NA
467,11th,IMG00622.JPG,s2_pver_2,NA
468,11th,IMG00623.JPG,s2_pver_2,NA
469,11th,IMG00624.JPG,s2_pver_2,NA
470,11th,IMG00625.JPG,s2_pver_2,NA
471,11th,IMG00626.JPG,s2_hya_3,NA
472,11th,IMG00627.JPG,s2_hya_3,NA
473,11th,IMG00628.JPG,s2_hya_3,NA
474,11th,IMG00629.JPG,s2_hya_3,NA
475,11th,IMG00630.JPG,s2_hya_3,NA
476,11th,IMG00631.JPG,s2_hya_3,NA
477,11th,IMG00632.JPG,s2_ten_3,NA
478,11th,IMG00633.JPG,s2_ten_3,NA
479,11th,IMG00634.JPG,s2_ten_3,NA
480,11th,IMG00635.JPG,s2_ten_3,NA
481,11th,IMG00636.JPG,s2_ten_3,NA
482,11th,IMG00637.JPG,s2_ten_3,NA
483,11th,IMG00654.JPG,s4a_prus_3,NA
484,11th,IMG00655.JPG,s4a_prus_3,NA
485,11th,IMG00656.JPG,s4a_prus_3,NA
486,11th,IMG00657.JPG,s4a_prus_3,NA
487,11th,IMG00658.JPG,s4a_prus_3,NA
488,11th,IMG00659.JPG,s4a_prus_3,NA
489,12th,IMG00874.JPG,s1_prus_2,NA
490,12th,IMG00875.JPG,s1_prus_2,NA
491,12th,IMG00876.JPG,s1_prus_2,NA
492,,IMG00877.JPG,s1_prus_2,NA
493,,IMG00878.JPG,s1_prus_2,NA
494,,IMG00879.JPG,s1_prus_2,NA
495,,IMG00880.JPG,s1_prus_5,NA
496,,IMG00881.JPG,s1_prus_5,NA
497,,IMG00882.JPG,s1_prus_5,NA
498,,IMG00883.JPG,s1_prus_5,NA
499,,IMG00884.JPG,s1_prus_5,NA
500,,IMG00885.JPG,s1_prus_5,NA
501,,IMG00886.JPG,s4b_prus_3,NA
502,,IMG00887.JPG,s4b_prus_3,NA
503,,IMG00888.JPG,s4b_prus_3,NA
504,,IMG00889.JPG,s4b_prus_3,NA
505,,IMG00890.JPG,s4b_prus_3,NA
506,,IMG00891.JPG,s4b_prus_3,NA
507,,IMG00892.JPG,s4b_prus_1,NA
508,,IMG00893.JPG,s4b_prus_1,NA
509,,IMG00894.JPG,s4b_prus_1,NA
510,,IMG00895.JPG,s4b_prus_1,NA
511,,IMG00896.JPG,s4b_prus_1,NA
512,,IMG00897.JPG,s4b_prus_1,NA
513,,IMG00898.JPG,s3_prus_3,NA
514,,IMG00899.JPG,s3_prus_3,NA
515,,IMG00900.JPG,s3_prus_3,NA
516,,IMG00901.JPG,s3_prus_3,NA
517,,IMG00902.JPG,s3_prus_3,NA
518,,IMG00903.JPG,s3_prus_3,NA
519,,IMG00904.JPG,s4b_prus_4,NA
520,,IMG00905.JPG,s4b_prus_4,NA
521,,IMG00906.JPG,s4b_prus_4,NA
522,,IMG00907.JPG,s4b_prus_4,NA
523,,IMG00908.JPG,s4b_prus_4,NA
524,,IMG00909.JPG,s4b_prus_4,NA
525,,IMG00910.JPG,s3_prus_1,NA
526,,IMG00911.JPG,s3_prus_1,NA
527,,IMG00912.JPG,s3_prus_1,NA
528,,IMG00913.JPG,s3_prus_1,NA
529,,IMG00914.JPG,s3_prus_1,NA
530,,IMG00915.JPG,s3_prus_1,NA
531,,IMG00916.JPG,s7_pdam_2,NA
532,,IMG00917.JPG,s7_pdam_2,NA
533,,IMG00918.JPG,s7_pdam_2,NA
534,,IMG00919.JPG,s7_pdam_2,NA
535,,IMG00920.JPG,s7_pdam_2,NA
536,,IMG00921.JPG,s7_pdam_2,NA
537,,IMG00922.JPG,s1_prus_3,NA
538,,IMG00923.JPG,s1_prus_3,NA
539,,IMG00924.JPG,s1_prus_3,NA
540,,IMG00925.JPG,s1_prus_3,NA
541,,IMG00926.JPG,s1_prus_3,NA
542,,IMG00927.JPG,s1_prus_3,NA
543,,IMG00928.JPG,s5_prus_3,NA
544,,IMG00929.JPG,s5_prus_3,NA
545,,IMG00930.JPG,s5_prus_3,NA
546,,IMG00931.JPG,s5_prus_3,NA
547,,IMG00932.JPG,s5_prus_3,NA
548,,IMG00933.JPG,s5_prus_3,NA
549,,IMG00934.JPG,s5_prus_1,NA
550,,IMG00935.JPG,s5_prus_1,NA
551,,IMG00936.JPG,s5_prus_1,NA
552,,IMG00937.JPG,s5_prus_1,NA
553,,IMG00938.JPG,s5_prus_1,NA
554,,IMG00939.JPG,s5_prus_1,NA
555,,IMG00940.JPG,s5_prus_1,NA
556,,IMG00941.JPG,s1_prus_1,NA
557,,IMG00942.JPG,s1_prus_1,NA
558,,IMG00943.JPG,s1_prus_1,NA
559,,IMG00944.JPG,s1_prus_1,NA
560,,IMG00945.JPG,s1_prus_1,NA
561,,IMG00946.JPG,s1_prus_1,NA
562,,IMG00947.JPG,s5_pcyl_4,NA
563,,IMG00948.JPG,s5_pcyl_4,NA
564,,IMG00949.JPG,s5_pcyl_4,NA
565,,IMG00950.JPG,s5_pcyl_4,NA
566,,IMG00951.JPG,s5_pcyl_4,NA
567,,IMG00952.JPG,s5_pcyl_4,NA
568,,IMG00953.JPG,s5_pcyl_4,NA
569,,IMG00954.JPG,s5_stag_3,NA
570,,IMG00955.JPG,s5_stag_3,NA
571,,IMG00956.JPG,s5_stag_3,NA
572,,IMG00957.JPG,s5_stag_3,NA
573,,IMG00958.JPG,s5_stag_3,NA
574,,IMG00959.JPG,s5_stag_3,NA
575,,IMG00960.JPG,s7_pdam_3,NA
576,,IMG00961.JPG,s7_pdam_3,NA
577,,IMG00962.JPG,s7_pdam_3,NA
578,,IMG00963.JPG,s7_pdam_3,NA
579,,IMG00964.JPG,s7_pdam_3,NA
580,,IMG00965.JPG,s7_pdam_3,NA
581,,IMG00966.JPG,s5_stag_2,NA
582,,IMG00967.JPG,s5_stag_2,NA
583,,IMG00968.JPG,s5_stag_2,NA
584,,IMG00969.JPG,s5_stag_2,NA
585,,IMG00970.JPG,s5_stag_2,NA
586,,IMG00971.JPG,s7_pdam_1,NA
587,,IMG00972.JPG,s7_pdam_1,NA
588,,IMG00973.JPG,s7_pdam_1,NA
589,,IMG00974.JPG,s7_pdam_1,NA
590,,IMG00975.JPG,s7_pdam_1,NA
591,,IMG00976.JPG,s7_pdam_1,NA
592,,IMG00977.JPG,s7_pcyl_1,NA
593,,IMG00978.JPG,s7_pcyl_1,NA
594,,IMG00979.JPG,s7_pcyl_1,NA
595,,IMG00980.JPG,s7_pcyl_1,NA
596,,IMG00981.JPG,s7_pcyl_1,NA
597,,IMG00982.JPG,s7_pcyl_1,NA
598,,IMG00983.JPG,s7_pnig_2,NA
599,,IMG00984.JPG,s7_pnig_2,NA
600,,IMG00985.JPG,s7_pnig_2,NA
601,,IMG00986.JPG,s7_pnig_2,NA
602,,IMG00987.JPG,s7_pnig_2,NA
603,,IMG00988.JPG,s7_pnig_2,NA
604,,IMG00989.JPG,s5_pcyl_5,NA
605,,IMG00990.JPG,s5_pcyl_5,NA
606,,IMG00991.JPG,s5_pcyl_5,NA
607,,IMG00992.JPG,s5_pcyl_5,NA
608,,IMG00993.JPG,s5_pcyl_5,NA
609,,IMG00994.JPG,s5_pcyl_5,NA
610,,IMG00995.JPG,s5_pcyl_1,NA
611,,IMG00996.JPG,s5_pcyl_1,NA
612,,IMG00997.JPG,s5_pcyl_1,NA
613,,IMG00998.JPG,s5_pcyl_1,NA
614,,IMG00999.JPG,s5_pcyl_1,NA
615,,IMG01000.JPG,s5_pcyl_1,NA
616,,IMG01001.JPG,s5_pcyl_3,NA
617,,IMG01002.JPG,s5_pcyl_3,NA
618,,IMG01003.JPG,s5_pcyl_3,NA
619,,IMG01004.JPG,s5_pcyl_3,NA
620,,IMG01005.JPG,s5_pcyl_3,NA
621,,IMG01006.JPG,s5_pcyl_3,NA
622,,IMG01007.JPG,s5_pcyl_3,NA
623,,IMG01008.JPG,s7_pver_2,NA
624,,IMG01009.JPG,s7_pver_2,NA
625,,IMG01010.JPG,s7_pver_2,NA
626,,IMG01011.JPG,s7_pver_2,NA
627,,IMG01012.JPG,s7_pver_2,NA
628,,IMG01013.JPG,s7_pver_2,NA
629,,IMG01014.JPG,s7_pver_1,NA
630,,IMG01015.JPG,s7_pver_1,NA
631,,IMG01016.JPG,s7_pver_1,NA
632,,IMG01017.JPG,s7_pver_1,NA
633,,IMG01018.JPG,s7_pver_1,NA
634,,IMG01019.JPG,s7_pver_1,NA
635,,IMG01020.JPG,s5_stag_1,NA
636,,IMG01021.JPG,s5_stag_1,NA
637,,IMG01022.JPG,s5_stag_1,NA
638,,IMG01023.JPG,s5_stag_1,NA
639,,IMG01024.JPG,s5_stag_1,NA
640,,IMG01025.JPG,s5_stag_1,NA
641,,IMG01026.JPG,s5_pdam_3,NA
642,,IMG01027.JPG,s5_pdam_3,NA
643,,IMG01028.JPG,s5_pdam_3,NA
644,,IMG01029.JPG,s5_pdam_3,NA
645,,IMG01030.JPG,s5_pdam_3,NA
646,,IMG01031.JPG,s5_pdam_3,NA
647,,IMG01032.JPG,s7_pnig_1,NA
648,,IMG01033.JPG,s7_pnig_1,NA
649,,IMG01034.JPG,s7_pnig_1,NA
650,,IMG01035.JPG,s7_pnig_1,NA
651,,IMG01036.JPG,s7_pnig_1,NA
652,,IMG01037.JPG,s7_pnig_1,NA
653,,IMG01038.JPG,s5_pdam_2,NA
654,,IMG01039.JPG,s5_pdam_2,NA
655,,IMG01040.JPG,s5_pdam_2,NA
656,,IMG01041.JPG,s5_pdam_2,NA
657,,IMG01042.JPG,s5_pdam_2,NA
658,,IMG01043.JPG,s5_pdam_2,NA
659,,IMG01044.JPG,s5_card_1,NA
660,,IMG01045.JPG,s5_card_1,NA
661,,IMG01046.JPG,s5_card_1,NA
662,,IMG01047.JPG,s5_card_1,NA
663,,IMG01048.JPG,s5_card_1,NA
664,,IMG01049.JPG,s5_card_1,NA
665,,IMG01050.JPG,s5_card_2,NA
666,,IMG01051.JPG,s5_card_2,NA
667,,IMG01052.JPG,s5_card_2,NA
668,,IMG01053.JPG,s5_card_2,NA
669,,IMG01054.JPG,s5_card_2,NA
670,,IMG01055.JPG,s5_card_2,NA
671,,IMG01056.JPG,s5_pdam_4,NA
672,,IMG01057.JPG,s5_pdam_4,NA
673,,IMG01058.JPG,s5_pdam_4,NA
674,,IMG01059.JPG,s5_pdam_4,NA
675,,IMG01060.JPG,s5_pdam_4,NA
676,,IMG01061.JPG,s5_pdam_4,NA
677,,IMG01062.JPG,s5_pdam_1,NA
678,,IMG01063.JPG,s5_pdam_1,NA
679,,IMG01064.JPG,s5_pdam_1,NA
680,,IMG01065.JPG,s5_pdam_1,NA
681,,IMG01066.JPG,s5_pdam_1,NA
682,,IMG01067.JPG,s5_pdam_1,NA
683,,IMG01068.JPG,s1_pcyl_1,NA
684,,IMG01069.JPG,s1_pcyl_1,NA
685,,IMG01070.JPG,s1_pcyl_1,NA
686,,IMG01071.JPG,s1_pcyl_1,NA
687,,IMG01072.JPG,s1_pcyl_1,NA
688,,IMG01073.JPG,s1_pcyl_1,NA
689,,IMG01074.JPG,s1_pcyl_4,NA
690,,IMG01075.JPG,s1_pcyl_4,NA
691,,IMG01076.JPG,s1_pcyl_4,NA
692,,IMG01077.JPG,s1_pcyl_4,NA
693,,IMG01078.JPG,s1_pcyl_4,NA
694,,IMG01079.JPG,s1_pcyl_4,NA
695,,IMG01080.JPG,s1_pcyl_4,NA
696,,IMG01081.JPG,s7_styl_1,NA
697,,IMG01082.JPG,s7_styl_1,NA
698,,IMG01083.JPG,s7_styl_1,NA
699,,IMG01084.JPG,s7_styl_1,NA
700,,IMG01085.JPG,s7_styl_1,NA
701,,IMG01086.JPG,s7_styl_1,NA
702,,IMG01087.JPG,s7_styl_2,NA
703,,IMG01088.JPG,s7_styl_2,NA
704,,IMG01089.JPG,s7_styl_2,NA
705,,IMG01090.JPG,s7_styl_2,NA
706,,IMG01091.JPG,s7_styl_2,NA
707,,IMG01092.JPG,s7_styl_2,NA
708,,IMG01093.JPG,s5_card_3,NA
709,,IMG01094.JPG,s5_card_3,NA
710,,IMG01095.JPG,s5_card_3,NA
711,,IMG01096.JPG,s5_card_3,NA
712,,IMG01097.JPG,s5_card_3,NA
713,,IMG01098.JPG,s5_card_3,NA
714,,IMG01099.JPG,s1_poc_1,NA
715,,IMG01100.JPG,s1_poc_1,NA
716,,IMG01101.JPG,s1_poc_1,NA
717,,IMG01102.JPG,s1_poc_1,NA
718,,IMG01103.JPG,s1_poc_1,NA
719,,IMG01104.JPG,s1_poc_1,NA
720,,IMG01105.JPG,s1_brug_2,NA
721,,IMG01106.JPG,s1_brug_2,NA
722,,IMG01107.JPG,s1_brug_2,NA
723,,IMG01108.JPG,s1_brug_2,NA
724,,IMG01109.JPG,s1_brug_2,NA
725,,IMG01110.JPG,s1_brug_2,NA
726,,IMG01111.JPG,s1_poc_2,NA
727,,IMG01112.JPG,s1_poc_2,NA
728,,IMG01113.JPG,s1_poc_2,NA
729,,IMG01114.JPG,s1_poc_2,NA
730,,IMG01115.JPG,s1_poc_2,NA
731,,IMG01116.JPG,s1_poc_2,NA
732,,IMG01117.JPG,s1_acrop_3,NA
733,,IMG01118.JPG,s1_acrop_3,NA
734,,IMG01119.JPG,s1_acrop_3,NA
735,,IMG01120.JPG,s1_acrop_3,NA
736,,IMG01121.JPG,s1_acrop_3,NA
737,,IMG01122.JPG,s1_acrop_3,NA
738,,IMG01123.JPG,s1_anac_1,NA
739,,IMG01124.JPG,s1_anac_1,NA
740,,IMG01125.JPG,s1_anac_1,NA
741,,IMG01126.JPG,s1_anac_1,NA
742,,IMG01127.JPG,s1_anac_1,NA
743,,IMG01128.JPG,s1_anac_1,NA
744,,IMG01129.JPG,s1_lobo_1,NA
745,,IMG01130.JPG,s1_lobo_1,NA
746,,IMG01131.JPG,s1_lobo_1,NA
747,,IMG01132.JPG,s1_lobo_1,NA
748,,IMG01133.JPG,s1_lobo_1,NA
749,,IMG01134.JPG,s1_lobo_1,NA
750,,IMG01135.JPG,s1_pcyl_3,NA
751,,IMG01136.JPG,s1_pcyl_3,NA
752,,IMG01137.JPG,s1_pcyl_3,NA
753,,IMG01138.JPG,s1_pcyl_3,NA
754,,IMG01139.JPG,s1_brug_3,NA
755,,IMG01140.JPG,s1_brug_3,NA
756,,IMG01141.JPG,s1_brug_3,NA
757,,IMG01142.JPG,s1_brug_3,NA
758,,IMG01143.JPG,s1_anac_2,NA
759,,IMG01144.JPG,s1_anac_2,NA
760,,IMG01145.JPG,s1_anac_2,NA
761,,IMG01146.JPG,s1_anac_2,NA
762,,IMG01147.JPG,s1_acrop_1,NA
763,,IMG01148.JPG,s1_acrop_1,NA
764,,IMG01149.JPG,s1_acrop_1,NA
765,,IMG01150.JPG,s1_acrop_1,NA
766,,IMG01151.JPG,s1_pcyl_2,NA
767,,IMG01152.JPG,s1_pcyl_2,NA
768,,IMG01153.JPG,s1_pcyl_2,NA
769,,IMG01154.JPG,s1_pcyl_2,NA
770,,IMG01155.JPG,s1_poc_3,NA
771,,IMG01156.JPG,s1_poc_3,NA
772,,IMG01157.JPG,s1_poc_3,NA
773,,IMG01158.JPG,s1_poc_3,NA
774,,IMG01159.JPG,s1_acrop_2,NA
775,,IMG01160.JPG,s1_acrop_2,NA
776,,IMG01161.JPG,s1_acrop_2,NA
777,,IMG01162.JPG,s1_acrop_2,NA
778,,IMG01163.JPG,s1_brug_1,NA
779,,IMG01164.JPG,s1_brug_1,NA
780,,IMG01165.JPG,s1_brug_1,NA
781,,IMG01166.JPG,s1_brug_1,NA
782,,IMG01167.JPG,s1_brug_1,NA
783,,IMG01168.JPG,s1_pcyl_5,NA
784,,IMG01169.JPG,s1_pcyl_5,NA
785,,IMG01170.JPG,s1_pcyl_5,NA
786,,IMG01171.JPG,s1_pcyl_5,NA
787,,IMG01172.JPG,s6_pdam_1,NA
788,,IMG01173.JPG,s6_pdam_1,NA
789,,IMG01174.JPG,s6_pdam_1,NA
790,,IMG01175.JPG,s6_pdam_1,NA
791,,IMG01176.JPG,s1b_goni_1,NA
792,,IMG01177.JPG,s1b_goni_1,NA
793,,IMG01178.JPG,s1b_goni_1,NA
794,,IMG01179.JPG,s1b_goni_1,NA
795,,IMG01180.JPG,s6_goni_3,NA
796,,IMG01181.JPG,s6_goni_3,NA
797,,IMG01182.JPG,s6_goni_3,NA
798,,IMG01183.JPG,s6_goni_3,NA
799,,IMG01184.JPG,s1b_lobo_5,NA
800,,IMG01185.JPG,s1b_lobo_5,NA
801,,IMG01186.JPG,s1b_lobo_5,NA
802,,IMG01187.JPG,s1b_lobo_5,NA
803,,IMG01188.JPG,s6_hya_4,NA
804,,IMG01189.JPG,s6_hya_4,NA
805,,IMG01190.JPG,s6_hya_4,NA
806,,IMG01191.JPG,s6_hya_4,NA
807,,IMG01192.JPG,s6_hya_4,NA
808,,IMG01193.JPG,s6_hya_4,NA
809,,IMG01194.JPG,s1b_goni_2,NA
810,,IMG01195.JPG,s1b_goni_2,NA
811,,IMG01196.JPG,s1b_goni_2,NA
812,,IMG01197.JPG,s1b_goni_2,NA
813,,IMG01198.JPG,s1b_lobo_3,NA
814,,IMG01199.JPG,s1b_lobo_3,NA
815,,IMG01200.JPG,s1b_lobo_3,NA
816,,IMG01201.JPG,s1b_lobo_3,NA
817,,IMG01202.JPG,s1b_lobo_4,NA
818,,IMG01203.JPG,s1b_lobo_4,NA
819,,IMG01204.JPG,s1b_lobo_4,NA
820,,IMG01205.JPG,s1b_lobo_4,NA
821,,IMG01206.JPG,s1b_lobo_1,NA
822,,IMG01207.JPG,s1b_lobo_1,NA
823,,IMG01208.JPG,s1b_lobo_1,NA
824,,IMG01209.JPG,s1b_lobo_1,NA
825,,IMG01210.JPG,s6_hya_2,NA
826,,IMG01211.JPG,s6_hya_2,NA
827,,IMG01212.JPG,s6_hya_2,NA
828,,IMG01213.JPG,s6_hya_2,NA
829,,IMG01214.JPG,s6_hya_1,NA
830,,IMG01215.JPG,s6_hya_1,NA
831,,IMG01216.JPG,s6_hya_1,NA
832,,IMG01217.JPG,s6_hya_1,NA
833,,IMG01218.JPG,s6_hum_1,NA
834,,IMG01219.JPG,s6_hum_1,NA
835,,IMG01220.JPG,s6_hum_1,NA
836,,IMG01221.JPG,s6_hum_1,NA
837,,IMG01222.JPG,s6_pdam_2,NA
838,,IMG01223.JPG,s6_pdam_2,NA
839,,IMG01224.JPG,s6_pdam_2,NA
840,,IMG01225.JPG,s6_hum_2,NA
841,,IMG01226.JPG,s6_hum_2,NA
842,,IMG01227.JPG,s6_hum_2,NA
843,,IMG01228.JPG,s6_hya_3,NA
844,,IMG01229.JPG,s6_hya_3,NA
845,,IMG01230.JPG,s6_hya_3,NA
846,,IMG01231.JPG,s6_hya_3,NA
847,,IMG01232.JPG,s1b_pdam_1,NA
848,,IMG01233.JPG,s1b_pdam_1,NA
849,,IMG01234.JPG,s1b_pdam_1,NA
850,,IMG01235.JPG,s1b_pdam_1,NA
851,,IMG01236.JPG,s1b_brug_1,NA
852,,IMG01237.JPG,s1b_brug_1,NA
853,,IMG01238.JPG,s1b_brug_1,NA
854,,IMG01239.JPG,s1b_brug_1,NA
855,,IMG01240.JPG,s6_goni_1,NA
856,,IMG01241.JPG,s6_goni_1,NA
857,,IMG01242.JPG,s6_goni_1,NA
858,,IMG01243.JPG,s6_goni_1,NA
859,,IMG01244.JPG,NA_void?,NA
860,,IMG01245.JPG,s2_goni_1,NA
861,,IMG01246.JPG,s2_goni_1,NA
862,,IMG01247.JPG,s2_goni_1,NA
863,,IMG01248.JPG,s4a_goni_2,NA
864,,IMG01249.JPG,s4a_goni_2,NA
865,,IMG01250.JPG,s4a_goni_2,NA
866,,IMG01251.JPG,s4a_goni_2,NA
867,,IMG01252.JPG,s4a_goni_2,NA
868,,IMG01253.JPG,s6_goni_2,NA
869,,IMG01254.JPG,s6_goni_2,NA
870,,IMG01255.JPG,s6_goni_2,NA
871,,IMG01256.JPG,s6_goni_2,NA
872,,IMG01257.JPG,s1_goni_2,NA
873,,IMG01258.JPG,s1_goni_2,NA
874,,IMG01259.JPG,s1_goni_2,NA
875,,IMG01260.JPG,s1_goni_2,NA
876,,IMG01261.JPG,s1_goni_3,NA
877,,IMG01262.JPG,s1_goni_3,NA
878,,IMG01263.JPG,s1_goni_3,NA
879,,IMG01264.JPG,s1_goni_3,NA
880,,IMG01265.JPG,s1_goni_1,NA
881,,IMG01266.JPG,s1_goni_1,NA
882,,IMG01267.JPG,s1_goni_1,NA
883,,IMG01268.JPG,s1_goni_1,NA